10
8 5
3 2 14550 3 4766 4 11580
5 3 7457 4 10981 5 12667 6 2487 7 6656
3 0 14550 3 2271 4 5515
7 0 4766 1 7457 2 2271 4 4140 5 4859 6 11016 7 5646
7 0 11580 1 10981 2 5515 3 4140 5 15870 6 6593 7 4661
4 1 12667 3 4859 4 15870 7 15259
3 1 2487 3 11016 4 6593
4 1 6656 3 5646 4 4661 5 15259
10
3 4 652570
5 3 383411
1 5 6941
0 7 504509
1 3 712985
2 1 809038
6 2 759139
4 6 986428
7 2 3578
7 2 476747

12 1
6 2 13418 4 2761 5 1221 7 9835 8 10361 10 2552
7 2 14342 4 9432 5 2465 6 2165 7 14464 8 13720 11 2211
8 0 13418 1 14342 3 1220 4 4072 5 7132 7 13225 9 7451 10 589
6 2 1220 4 2701 5 5207 6 2061 9 7826 11 5915
6 0 2761 1 9432 2 4072 3 2701 7 16112 10 9908
6 0 1221 1 2465 2 7132 3 5207 7 9253 11 15711
6 1 2165 3 2061 7 11875 8 11722 10 15632 11 14164
10 0 9835 1 14464 2 13225 4 16112 5 9253 6 11875 8 921 9 8080 10 11441 11 6276
6 0 10361 1 13720 6 11722 7 921 9 14698 10 2325
5 2 7451 3 7826 7 8080 8 14698 11 6832
7 0 2552 2 589 4 9908 6 15632 7 11441 8 2325 11 4829
7 1 2211 3 5915 5 15711 6 14164 7 6276 9 6832 10 4829
10
2 6 891577
0 1 122123
11 0 701749
9 5 169244
2 11 110599
0 2 952532
5 4 371825
8 5 969511
6 10 31403
2 10 586926

6 1
4 1 9013 2 6385 3 13119 4 15262
4 0 9013 3 13734 4 1152 5 13587
3 0 6385 3 936 5 12126
4 0 13119 1 13734 2 936 5 12865
2 0 15262 1 1152
3 1 13587 2 12126 3 12865
10
2 4 546437
5 0 512091
2 3 412361
5 0 482794
0 4 269441
0 2 1000518
2 0 692259
4 3 985108
1 3 585358
5 4 848440

14 11
11 1 6862 2 9164 3 10297 4 5552 5 2043 6 10069 8 10821 9 16009 11 2754 12 12741 13 892
12 0 6862 2 3024 3 2620 5 4050 6 12574 7 8656 8 15110 9 3304 10 9552 11 3792 12 10049 13 6550
12 0 9164 1 3024 3 1233 4 10401 5 9296 6 258 7 680 8 16297 9 14518 11 9047 12 11708 13 10805
10 0 10297 1 2620 2 1233 4 13373 5 16003 6 7948 8 11403 10 14114 11 8300 12 7891
10 0 5552 2 10401 3 13373 5 16195 6 16074 7 13582 8 6066 9 13618 12 834 13 10287
10 0 2043 1 4050 2 9296 3 16003 4 16195 9 5277 10 11892 11 15760 12 11521 13 2460
11 0 10069 1 12574 2 258 3 7948 4 16074 7 8058 8 10857 9 7648 11 4338 12 1942 13 1506
8 1 8656 2 680 4 13582 6 8058 9 8210 10 8512 11 8475 12 10775
9 0 10821 1 15110 2 16297 3 11403 4 6066 6 10857 9 8001 10 13102 13 8793
11 0 16009 1 3304 2 14518 4 13618 5 5277 6 7648 7 8210 8 8001 10 3259 11 15421 12 2578
8 1 9552 3 14114 5 11892 7 8512 8 13102 9 3259 11 8298 13 15655
10 0 2754 1 3792 2 9047 3 8300 5 15760 6 4338 7 8475 9 15421 10 8298 13 12888
9 0 12741 1 10049 2 11708 3 7891 4 834 5 11521 6 1942 7 10775 9 2578
9 0 892 1 6550 2 10805 4 10287 5 2460 6 1506 8 8793 10 15655 11 12888
10
8 3 769611
13 6 988449
10 9 1003183
7 8 519284
13 4 892153
8 11 788639
7 5 96113
12 10 260022
6 12 146459
12 5 326659

10 6
6 1 1560 2 7566 4 4732 5 10509 6 12465 8 11997
6 0 1560 4 12657 6 9720 7 12739 8 7753 9 4400
5 0 7566 3 2610 4 14520 5 2730 7 918
7 2 2610 4 16226 5 2306 6 9112 7 439 8 5230 9 9759
9 0 4732 1 12657 2 14520 3 16226 5 1748 6 2028 7 4272 8 9139 9 5252
7 0 10509 2 2730 3 2306 4 1748 6 5627 8 5285 9 14959
8 0 12465 1 9720 3 9112 4 2028 5 5627 7 4287 8 15374 9 4147
7 1 12739 2 918 3 439 4 4272 6 4287 8 3081 9 9785
8 0 11997 1 7753 3 5230 4 9139 5 5285 6 15374 7 3081 9 13903
7 1 4400 3 9759 4 5252 5 14959 6 4147 7 9785 8 13903
10
5 8 187327
9 0 315876
5 4 1017308
4 9 688804
7 1 707877
8 2 977080
8 4 229232
1 3 619714
1 8 663902
9 1 703689

16 0
13 1 15438 2 6429 3 15190 4 3431 5 13570 7 16210 8 13351 10 11469 11 9145 12 1764 13 648 14 2163 15 4871
9 0 15438 4 12239 6 15783 7 7913 9 1619 10 10222 11 2564 12 14708 13 2933
11 0 6429 3 4585 5 4573 6 9087 7 741 9 1808 10 5075 11 4512 12 942 14 6336 15 13287
7 0 15190 2 4585 4 2734 7 8104 8 4200 11 4424 15 6545
12 0 3431 1 12239 3 2734 5 10091 7 3821 8 10163 9 9352 10 7212 11 8385 13 2269 14 5548 15 16007
7 0 13570 2 4573 4 10091 6 7837 7 14722 8 14818 13 9013
10 1 15783 2 9087 5 7837 7 16152 8 2317 10 3589 11 5360 12 13893 13 1551 15 2027
15 0 16210 1 7913 2 741 3 8104 4 3821 5 14722 6 16152 8 6962 9 1198 10 1379 11 14550 12 889 13 16366 14 8398 15 7052
11 0 13351 3 4200 4 10163 5 14818 6 2317 7 6962 9 15962 11 14701 12 12092 13 15715 14 3381
9 1 1619 2 1808 4 9352 7 1198 8 15962 10 871 11 7562 12 1784 15 3521
8 0 11469 1 10222 2 5075 4 7212 6 3589 7 1379 9 871 11 6358
13 0 9145 1 2564 2 4512 3 4424 4 8385 6 5360 7 14550 8 14701 9 7562 10 6358 12 1573 13 9621 14 4993
11 0 1764 1 14708 2 942 6 13893 7 889 8 12092 9 1784 11 1573 13 9723 14 3062 15 12520
11 0 648 1 2933 4 2269 5 9013 6 1551 7 16366 8 15715 11 9621 12 9723 14 374 15 15444
9 0 2163 2 6336 4 5548 7 8398 8 3381 11 4993 12 3062 13 374 15 10204
10 0 4871 2 13287 3 6545 4 16007 6 2027 7 7052 9 3521 12 12520 13 15444 14 10204
10
3 14 215796
11 14 74503
13 7 785744
2 4 430121
8 6 529685
13 15 446138
2 0 539225
3 13 77962
0 2 333119
6 0 692708

17 0
11 1 8081 4 15269 5 10135 6 7203 8 2841 9 14986 10 8179 13 9895 14 5645 15 13707 16 13192
11 0 8081 2 13563 5 4075 6 2956 7 3633 8 13277 9 15446 10 2186 13 10009 14 2582 16 16139
10 1 13563 3 13306 5 6570 7 6910 8 13014 9 16338 10 5671 11 7138 15 5955 16 11672
12 2 13306 4 1285 5 681 6 13317 7 679 8 2951 9 2343 11 1793 13 7904 14 4125 15 4975 16 2143
10 0 15269 3 1285 5 6672 6 6313 7 7635 8 12103 10 12865 11 15285 13 1700 16 10580
13 0 10135 1 4075 2 6570 3 681 4 6672 8 3256 9 1982 10 2782 11 7792 13 8436 14 6677 15 6688 16 8189
12 0 7203 1 2956 3 13317 4 6313 7 12547 9 3564 10 2205 11 9882 13 12794 14 14264 15 9066 16 3936
11 1 3633 2 6910 3 679 4 7635 6 12547 8 8914 10 13371 11 5253 13 5908 14 7931 15 5752
12 0 2841 1 13277 2 13014 3 2951 4 12103 5 3256 7 8914 10 15577 11 8804 12 7886 13 1598 16 8704
11 0 14986 1 15446 2 16338 3 2343 5 1982 6 3564 10 8995 11 8475 13 1534 14 1273 15 792
13 0 8179 1 2186 2 5671 4 12865 5 2782 6 2205 7 13371 8 15577 9 8995 11 6617 12 2478 13 12309 16 13637
13 2 7138 3 1793 4 15285 5 7792 6 9882 7 5253 8 8804 9 8475 10 6617 12 597 14 7012 15 15192 16 13883
7 8 7886 10 2478 11 597 13 6754 14 9845 15 8616 16 14856
11 0 9895 1 10009 3 7904 4 1700 5 8436 6 12794 7 5908 8 1598 9 1534 10 12309 12 6754
11 0 5645 1 2582 3 4125 5 6677 6 14264 7 7931 9 1273 11 7012 12 9845 15 13651 16 6522
11 0 13707 2 5955 3 4975 5 6688 6 9066 7 5752 9 792 11 15192 12 8616 14 13651 16 384
13 0 13192 1 16139 2 11672 3 2143 4 10580 5 8189 6 3936 8 8704 10 13637 11 13883 12 14856 14 6522 15 384
10
9 14 889724
16 9 791770
7 3 741166
13 6 481337
7 6 231509
3 14 496110
15 3 287358
8 16 11827
16 11 321538
6 3 182536

9 6
6 1 11173 2 14828 3 8723 5 12556 6 6781 8 809
7 0 11173 2 2485 4 9335 5 11289 6 3014 7 4349 8 4059
6 0 14828 1 2485 3 10424 5 9037 7 14271 8 6623
6 0 8723 2 10424 5 8803 6 10488 7 14401 8 8661
4 1 9335 5 15883 6 15252 7 5618
7 0 12556 1 11289 2 9037 3 8803 4 15883 6 5095 7 7362
7 0 6781 1 3014 3 10488 4 15252 5 5095 7 14790 8 13613
6 1 4349 2 14271 3 14401 4 5618 5 7362 6 14790
5 0 809 1 4059 2 6623 3 8661 6 13613
10
2 1 657507
0 2 83452
4 1 852059
4 3 435171
3 5 54080
3 0 671029
0 8 209242
3 6 827756
7 0 652375
7 3 934237

19 18
9 3 14767 6 11814 7 9090 9 3338 10 12681 11 11737 13 3415 14 10317 16 14135
13 2 11413 3 9797 4 2052 5 10915 8 12113 9 6521 10 13761 12 15439 14 1785 15 8214 16 485 17 16348 18 6313
11 1 11413 3 14728 4 4708 5 5254 10 9191 11 9201 13 1407 14 16268 15 5850 16 8074 17 15213
13 0 14767 1 9797 2 14728 5 2732 9 3013 10 9935 11 2231 12 503 14 8397 15 12355 16 4718 17 13019 18 15103
14 1 2052 2 4708 5 5429 6 15680 8 7912 9 8001 10 6724 11 2125 12 3229 14 4733 15 4376 16 12401 17 7141 18 15618
14 1 10915 2 5254 3 2732 4 5429 6 13804 7 1722 9 11593 10 13426 11 6668 13 14606 14 1947 15 12265 16 15966 17 5686
12 0 11814 4 15680 5 13804 7 4871 8 9942 9 2377 10 10907 11 10126 12 15966 15 5044 16 13296 17 14628
11 0 9090 5 1722 6 4871 8 2075 9 829 10 624 11 9843 12 2642 13 1355 14 2500 18 815
11 1 12113 4 7912 6 9942 7 2075 11 12501 12 2532 13 8907 15 4284 16 1489 17 6291 18 14335
14 0 3338 1 6521 3 3013 4 8001 5 11593 6 2377 7 829 10 13381 11 3959 13 6946 15 4088 16 3161 17 8194 18 5245
14 0 12681 1 13761 2 9191 3 9935 4 6724 5 13426 6 10907 7 624 9 13381 11 808 12 14335 13 527 16 4378 17 4161
13 0 11737 2 9201 3 2231 4 2125 5 6668 6 10126 7 9843 8 12501 9 3959 10 808 13 9140 15 3477 16 8005
13 1 15439 3 503 4 3229 6 15966 7 2642 8 2532 10 14335 13 932 14 3684 15 7918 16 8795 17 5850 18 2619
11 0 3415 2 1407 5 14606 7 1355 8 8907 9 6946 10 527 11 9140 12 932 14 4207 15 4764
10 0 10317 1 1785 2 16268 3 8397 4 4733 5 1947 7 2500 12 3684 13 4207 15 15273
15 1 8214 2 5850 3 12355 4 4376 5 12265 6 5044 8 4284 9 4088 11 3477 12 7918 13 4764 14 15273 16 4611 17 9889 18 3053
15 0 14135 1 485 2 8074 3 4718 4 12401 5 15966 6 13296 8 1489 9 3161 10 4378 11 8005 12 8795 15 4611 17 2430 18 12435
12 1 16348 2 15213 3 13019 4 7141 5 5686 6 14628 8 6291 9 8194 10 4161 12 5850 15 9889 16 2430
9 1 6313 3 15103 4 15618 7 815 8 14335 9 5245 12 2619 15 3053 16 12435
10
4 2 266255
18 13 656309
4 17 322160
0 4 122397
4 0 991293
10 11 165470
9 5 1035292
17 11 803509
13 6 395241
9 14 775425

6 4
4 1 3726 3 6483 4 7054 5 8139
3 0 3726 2 3224 3 11990
2 1 3224 4 12958
4 0 6483 1 11990 4 1155 5 12289
4 0 7054 2 12958 3 1155 5 13725
3 0 8139 3 12289 4 13725
10
5 4 814391
5 0 91254
3 0 1018006
1 5 7268
5 0 939459
3 5 1009852
1 4 239588
0 4 315009
0 1 496461
1 4 84009

